en 34433 974 71759 7356 50495 41138 22534 58406 36595 39464 59852 52350 64993 16133 37704 40680 70193 56356 77824 84883 45757 26839 73421 53059 3041 51305 0 21237 5165 54148 35405 61793 82512 1997 11033 63366 51301 4150 47618 77554 10059 30783 89301 70137 93904 43440 42843 93015 26358 32881 36902 42543 41466 22208 100355 42225 27034 89839 4437 28702 64682 35094 72747 44069 46441 13138 36643 35626 34100 58948 38138 9723 54964 47717 61877 3947 30819 87974
sv 162 0 12255 0 8668 3659 4127 15160 7800 4334 7437 15730 51298 2772 3352 3517 43 9026 8021 10234 8082 2814 26963 5689 1757 30194 242 1569 4164 11928 35758 4911 12744 0 8 4180 4266 5864 4393 16062 8 6717 8378 3568 18114 2430 11417 13178 0 8 4433 20114 2191 795 26263 9494 24527 11953 52449 6289 8145 10638 17449 7883 85278 1733 10312 8420 4417 3251 7948 10320 12582 9574 13604 5168 -100 19781
de 18290 0 42499 4685 30256 4930 17111 36672 50746 23158 60981 124162 110013 9010 16343 68651 38236 59224 42060 47021 69435 8489 33678 36865 0 27165 900 9637 0 40220 54509 45452 64369 0 5049 18961 25403 191 58323 76525 4638 126487 21017 48657 86392 26216 37791 80532 14181 10624 9868 14269 47671 9408 104116 39560 44624 68933 0 50169 54400 53478 69785 36623 42072 13978 49697 33561 13856 10736 32165 0 132513 36274 95513 0 0 20285
fr 7389 -100 126938 2743 10299 16562 14009 24466 31160 26694 12550 72131 42919 4398 11891 27214 28674 56053 88126 44359 32113 9447 15311 19935 7391 29973 612 2167 9999 34129 21418 13758 50374 4847 4022 11677 21105 5572 47751 73576 5769 64270 57521 8740 26015 36370 64242 98958 6361 9353 3369 18532 19898 9422 181577 93354 11957 77811 4752 26201 15047 19603 35512 19756 14918 5422 20869 32369 50989 67162 18131 11221 35736 48752 36516 6173 1781 47991
nl 748 0 54828 3107 10185 2965 4377 19072 8679 12555 17943 12250 35729 6718 5426 9284 41310 15670 19184 15673 8831 5681 10414 6937 3578 6394 0 2060 2159 7611 9898 10393 42309 0 0 185 3817 92 13321 35558 601 48366 30440 22317 14256 10289 10476 15812 4269 1675 6632 19588 3650 3355 35497 44115 18025 20476 44 8000 287 6687 17388 8105 12091 8742 14208 9416 22259 3685 7225 4080 16435 8033 7385 1608 -100 4815
ru 7062 0 12951 2368 11443 3112 34596 26981 12012 39584 18627 45296 29702 21192 11749 6627 8385 9775 21978 83330 12309 16825 13951 13845 0 20237 0 5855 6282 8365 17853 11801 49894 -100 2384 9011 42831 1219 17443 63476 5127 22075 26381 12603 16829 70634 16444 88278 2592 7664 8958 12478 91339 10633 42014 37573 34111 16773 929 10424 16150 17984 36390 10984 15363 9117 48646 23555 26548 2540 13351 0 19006 31883 12991 4245 -100 44360
es 16228 0 19305 7375 17912 10925 12898 37038 27193 36490 13530 40401 28851 11819 30100 42399 2625 44437 33647 117343 31449 72298 32288 36300 3026 21926 0 12732 2808 59344 16287 16955 76695 0 5151 18263 39297 1023 35063 69761 5491 21602 138707 22415 117027 20400 36485 50002 6605 11460 17277 34472 26348 44375 32339 47988 18845 59987 12712 20112 92864 14042 31097 35350 15173 1006 62692 23037 45756 13001 19254 7865 24893 27818 69223 4985 -100 14538
it 8616 -100 31215 6524 7205 3653 11940 27682 8791 19040 28351 37486 53608 3649 10667 29811 2590 17010 29126 28904 9143 30400 21107 17912 1234 29164 0 6662 2181 12668 9834 22607 38494 300 960 7796 13873 2705 22963 71476 2853 23167 30029 13526 68503 10969 44919 61563 7616 6236 3763 14179 5943 7210 45329 19292 16238 92567 5723 53218 8819 13919 40545 11173 21086 1609 16063 2894 23825 20193 37084 4922 35379 16394 32889 7158 -100 63761
pl 1237 0 14113 1741 17807 1832 4569 12748 4736 4958 7455 16286 22543 1212 5388 17103 335 14321 47046 9598 12397 5175 15855 4583 0 10384 0 2153 0 2602 11580 6313 32662 0 3588 549 18196 4458 10702 28170 8540 9729 50475 4749 18049 27950 11276 18463 52 1260 2704 7742 4461 4165 24980 6410 12015 20500 0 12310 5676 12034 21371 7442 7776 3899 8148 31510 65656 2074 9069 4110 22195 24531 94488 20326 -100 6819
ja 81 -100 9310 1470 2783 745 2605 22836 13237 5019 9402 18612 22587 1946 3559 10579 6349 22833 11566 7404 11899 6816 5278 10434 2153 6818 466 3359 2306 3624 11136 9889 10238 -100 2064 4067 9118 1245 16151 32739 395 8757 8325 5802 8940 3063 5812 9310 3169 1984 2098 5574 3296 910 30583 6302 3352 8068 1036 6437 2271 11562 25570 11946 4296 1227 3156 2750 23153 3209 11344 3373 14396 5142 7530 1087 -100 2744
zh 527 0 10926 150 533 8889 1869 6703 1332 2483 5879 6689 8926 1966 1696 10841 18 1861 6497 4102 1353 905 5729 2830 0 6167 199 1114 1662 836 5813 1384 13570 195 1360 1402 6907 698 2245 21667 32 2450 5416 2957 1965 1315 3168 6141 49 1399 1365 14404 2873 186 20000 8731 4323 10640 640 6034 1105 6521 14170 1826 7255 739 3882 4065 3578 1108 3657 1041 9217 6954 2807 76 -100 10680
pt 9544 -100 15421 2105 8793 3785 3300 14521 19115 16512 39290 22295 27486 287 51543 29090 28752 61289 16471 54820 25442 14328 15500 3423 267 25474 0 5744 0 18200 11978 10350 46512 0 6657 3530 38147 676 68361 57996 5327 13917 29209 18948 41205 17574 13820 30731 7328 10361 10023 24823 25728 15982 62875 8139 16006 36887 0 6222 36792 19672 55545 14592 28418 2479 4734 19926 37272 12322 17538 1962 26033 8615 9583 942 -100 2809
uk 2506 -100 19945 835 4284 3022 5123 29720 12455 12202 13391 4400 21436 2671 1234 10986 7210 4133 8556 22438 27243 6510 5453 11249 0 9942 0 1846 3406 11361 10405 10462 15829 -100 6063 17 59614 0 16946 43587 4625 12405 34688 205 25744 25136 11278 25015 2085 1860 2046 5270 82686 2762 44870 28527 25072 35738 1706 11793 8107 27881 23246 17882 11979 1297 14457 4662 30133 5797 14088 0 24253 16333 13657 0 -100 19518
ar 9647 -100 19815 54 28881 463 4623 13240 50681 45351 5472 44675 36999 107 1689 8523 185 19643 1372 6498 55766 4640 7137 51730 -100 9027 0 394 171 21424 18159 7714 71860 1215 4150 3358 16699 0 6792 17365 0 3666 23559 15086 4191 1429 3367 19622 11121 53 2636 3724 2052 2134 33182 4235 291 22088 0 4468 2270 1748 43802 24615 13716 104 9456 31016 11986 24344 52855 0 18977 16705 16283 0 -100 31689
fi 0 -100 12715 373 2950 2399 4576 23937 13317 2762 18761 3675 59417 0 1973 31921 7975 18084 38035 4147 6330 2549 6853 13168 2191 7793 0 2356 4224 11822 43830 11674 41589 0 2609 2363 6832 1355 5352 15077 1828 18227 24123 7103 2560 7143 6986 10906 6543 886 3457 4960 7028 0 21541 9115 18409 12679 791 11640 3805 10196 41497 2349 32414 2541 8805 29698 37799 1420 35962 0 13732 5695 6986 2406 -100 2357
cs 7182 -100 16665 255 5133 1126 10756 15538 1801 6081 24595 16508 12556 399 3008 22292 508 1838 18078 3262 11641 6863 5883 2807 2046 9253 0 80 995 2577 9750 2430 40016 -100 719 636 9392 0 5985 28820 273 11008 7191 6272 2824 6144 10755 12864 1999 1022 1615 10241 2850 2598 83464 49113 9144 15834 0 11018 2741 9797 6124 5500 9341 2775 18413 3795 429 3417 8657 1627 19392 6635 12328 0 -100 720
ro 5623 -100 4717 4212 0 0 4403 10419 11966 176 2759 35213 60770 650 734 35278 10221 74019 19525 23973 779 126 1303 3410 402 7534 0 22 6225 2440 5742 347 8954 -100 18 18 1783 1901 4132 21891 0 30281 14119 0 7 361 42068 4534 2449 11 0 2266 2160 0 12832 34100 11115 16697 0 29030 10140 4803 24179 7202 143 335 4276 857 33784 1047 17975 0 20221 3502 48709 4614 -100 2923
tr 82 -100 6291 1838 50888 168 15683 17858 8393 23039 5008 37129 19142 1739 10 60 2433 3929 7360 12233 10213 368 59 1909 886 30320 0 2757 1367 3355 6109 4184 45504 45 911 221 1489 1827 23834 5234 1312 12384 2496 490 8736 4285 4009 4057 4274 681 18798 5804 146 0 7396 962 57 667 2240 8253 3344 8712 9398 7962 19345 3658 2978 9749 4751 76 3842 1383 14013 250 931 3055 -100 42022
eo -100 -100 12283 870 231 279 940 19822 21363 3857 1824 1492 19869 2099 4204 39679 722 1974 34903 26401 6519 2286 3197 4619 0 4660 -100 0 0 44964 3447 1401 20275 -100 1109 2470 3422 0 2488 18799 417 3521 69833 2500 3317 2756 6813 21395 2929 3216 320 2908 796 550 40507 20146 5254 10100 -100 13591 2591 3558 10072 1897 4486 12 469 25992 7906 891 8998 -100 28096 8194 12503 0 -100 31606
hy 1102 -100 8059 0 42923 64 366 8140 1572 5069 1914 2037 24001 0 0 1410 7 5252 407 102149 947 8154 2381 2037 -100 329 0 6600 -100 763 567 4250 10721 -100 548 0 1291 -100 10917 47984 147 7542 39688 217 15 8169 733 73393 1393 0 632 1020 95927 747 32852 28146 13 13845 0 1019 0 3728 63286 740 3920 771 7286 36347 37834 219 38343 2858 17163 329 3157 0 -100 105608
