en 26818 21433 34154 63611 5807 41423 19403 6206 33297 10311 52038 25810 4934 11511 44629 48127 32311 6491 54689 12081 14120 18277 18330 43615 60909 18277 13357 35294 18506 7317 9885 47906 14899 19155 4720 10115 1806 45045 5270 1070 36397 13100 28656 18262 13430 14134 11067 6027 39831 2521 17774 12489 2108 3692 24261 2385 2427 37785 36222 1450 16890 20785 8387 5754 19379 56119 74475 520 53772 1070 5053 3196 21547 19457 33532 4929 46741 40921 52155 20308 41860 31819 31819 36155 8590 9849 23235
sv 5696 2839 5802 58908 0 8495 0 175 6127 7681 12014 9067 1542 6654 15911 18143 15897 2115 5663 5115 692 2186 3080 19861 8018 2186 2207 1938 2468 1182 733 31459 7733 8 3088 -100 -100 3897 364 0 15269 2810 6357 6224 172 2901 0 1279 27428 761 7782 200 2596 -100 9227 -100 203 6825 0 0 248 7411 21176 0 1746 34888 12593 -100 4842 -100 235 6506 14211 0 7123 0 8238 -100 37615 4986 5861 6675 6675 8717 4869 112 3587
de 9021 6403 19967 37986 5493 17778 9078 -100 22520 37872 104947 36843 -100 24281 62767 22681 18396 13070 21833 14107 16128 12092 18994 5653 9269 12092 21682 8221 9659 9174 -100 51213 10280 28129 23502 -100 0 18599 0 0 42221 10172 29465 10917 43954 7709 24457 11711 54371 0 101088 151 12205 17750 23880 35015 0 3681 35185 0 7045 24085 14692 5832 27196 17981 7431 -100 10351 0 -100 7035 6544 7557 14493 18346 40221 -100 47794 11918 5225 14220 14220 36878 16303 7886 18469
fr 24423 43497 23575 94378 0 16187 5750 0 48516 13810 26733 54374 7572 8634 66170 27633 19641 6557 16186 4500 1149 17519 14617 31411 12141 17519 7179 1114 23310 286 0 71915 19449 4630 5150 -100 -100 25906 1658 549 49016 11691 52228 7513 5902 75767 6656 7900 12557 1941 60283 3331 4994 -100 8358 20288 1788 27707 4406 0 9939 6238 4228 2291 7991 133705 14158 559 3507 0 0 2291 18095 8310 4931 3872 47266 26102 48560 9274 77541 42667 42667 33721 4692 11791 6228
nl 6954 3739 563 17474 130 13866 188 79 20832 9252 31053 12966 33 5062 30874 4685 5869 238 6217 -100 362 2692 8315 25913 3062 2692 2930 1912 10726 361 18 49816 6272 -100 5296 -100 -100 20262 337 534 5389 1735 15370 6472 499 5370 108 4683 9091 40 15084 1710 2412 -100 7770 -100 0 14717 3891 0 12557 6963 27778 4674 1745 40323 4660 -100 27137 0 28 4403 5727 26 16238 1771 12105 14175 13586 6185 17755 5091 5091 9250 4185 453 3644
ru 23512 12355 19932 134829 455 21580 179 -100 20259 19909 16340 14702 6266 17358 123953 8549 21038 1751 32752 0 2013 12298 16353 34782 14902 12298 9718 8124 13809 4331 -100 32382 26697 6638 3543 -100 0 14322 3555 3181 11549 17738 35834 3432 7679 23388 4691 1725 21391 3521 19486 8105 6329 8882 16586 1529 -100 17079 10698 0 1087 13196 17766 0 19152 36851 14576 240 57864 0 0 42595 20209 0 18664 905 23758 -100 49015 14489 42485 46854 46854 20998 16994 0 20070
es 19136 17209 20338 78601 2061 24351 -100 -100 15626 7246 23023 46488 5305 6989 53608 6814 9280 1057 25812 542 2470 41949 11600 16073 43230 41949 2701 -100 16180 3786 578 30948 15664 2316 -100 -100 -100 28953 0 -100 94218 14645 12708 5934 3129 5498 10541 4785 56618 1995 46448 0 17768 4602 13727 6667 -100 85980 8309 4183 0 11813 9913 0 918 65309 6790 -100 15388 0 -100 4991 17464 16504 27746 2395 22372 -100 69420 14551 25875 17609 17609 19651 21755 14423 3273
it 19280 13147 7938 37044 1185 36080 -100 -100 6286 8189 54722 17337 0 6978 29389 1890 41477 6544 15184 0 0 8441 8950 58277 24201 8441 7660 -100 15939 1816 -100 34309 11520 15805 3678 -100 -100 13714 0 355 39801 13237 11163 2915 819 14538 -100 4025 11036 1307 32282 -100 3692 17080 35138 14533 -100 9820 42963 570 0 7455 4027 423 44831 21816 6069 -100 7674 -100 -100 7978 16344 17114 5097 32297 3379 -100 54185 7711 32131 9713 9713 27323 7179 0 4516
pl 8461 6543 10777 75227 0 5549 0 0 4728 5062 42231 9113 -100 287 18677 2406 17495 3152 6680 6389 0 643 4628 4662 1488 643 0 392 0 0 -100 11547 4115 1266 33 -100 -100 66916 0 410 34454 6912 13853 351 0 0 13671 6743 38842 0 11990 -100 7539 6659 4380 -100 -100 17605 -100 0 0 9204 16748 -100 2051 30870 1382 -100 2197 0 0 0 4106 0 33517 9 10854 2785 15409 3549 24889 12858 12858 12181 2740 -100 1516
eo 348 12913 385 52287 2017 21731 1139 373 9596 4448 7165 5974 0 4946 9290 1876 12773 103 6554 351 111 121 4269 10179 25226 121 486 810 110 926 182 18269 10907 0 1915 -100 -100 1845 189 -100 23715 6856 5977 3778 104 4491 470 130 9249 -100 6225 0 112 1874 23638 0 -100 20432 0 981 123 6533 141 438 0 22277 1643 -100 18228 -100 276 8112 120 951 0 0 15205 -100 29867 267 1230 15600 15600 10973 35528 532 10627
